image: real.pgm
resolution: 0.020000
origin: [-19.764781, -9.594545, 0.000000]
negate: 0
occupied_thresh: 0.65
free_thresh: 0.196

