image: 0404.pgm
resolution: 0.010000
origin: [-19.796448, -21.774087, 0.000000]
negate: 0
occupied_thresh: 0.65
free_thresh: 0.196

