image: cartographer.pgm
resolution: 0.010000
origin: [-13.632292, -22.628438, 0.000000]
negate: 0
occupied_thresh: 0.65
free_thresh: 0.196

